20192019     
87654321        
11111111        
00000000  
192021      
987654321 
admin
20192020    
11223344 
12345678        
123456789       
1234567890      
88888888          
66668888        
20182018
0123456789      
147258369       
66666666        
123123123       
8888888888      
88889999        
12344321        
12341234        
11112222        
a1b2c3d4        
1111111111      
99999999  
20182019      
1122334455           
12345679        
9876543210      
77777777        
999999999       
1234554321      
0987654321      
23456789        
a123456789      
22222222                
abcd1234        
888888           
445716          
123456          
55555555        
a12345678       
88886666        
0000000000      
12345                        
1234567899      
abc123456       
01234567        
123456789a      
a1234567        
asdfghjkl       
123456780            
98765432        
111222333       
12345687        
1234512345      
888888888       
33333333        
00001111        
12345678910     
12121212
66778899        
168168168
admin123
111111111                               
012345678       
123321123       
20132013                
000000000       
12345678900     
789456123       
123456788       
1234567891      
12345677        
1233211234567   
520520520       
123456987       
123654789       
55558888        
77778888             
1234567890123            
112233445566    
12345670            
aaaaaaaa        
110110110       
12356789             
123456123       
123321          
12345678a               
55556666        
00008888                 
11118888        
321321321       
qq123456        
abc12345        
Aa123456        
9999999999      
14725836              
1472583690      
123456789o      
meiyoumima             
789567          
99998888        
12348765        
55667788            
buzhidao                  
369369369       
13145200        
12345600        
963852741       
1111122222      
369258147       
123789456       
12345689        
12312312                  
123456654321    
a1b2c3d4e5      
66669999        
12346789        
12345688             
123             
11110000        
789789789       
33338888        
13572468        
qqqqqqqqqqqqqq  
01020304        
abcd123456      
1234abcd            
01234567890           
123456123456    
741852963       
netcore12345678 
22223333        
68686868        
18181818        
6666688888      
abcde12345      
8888899999      
1008610086      
123456798       
00000001        
876543210       
88880000        
777888999       
1234567a        
135792468       
333666999       
13141314        
1224567890      
22334455        
abcdefgh        
123454321       
qqqqqqqq        
22228888                
44444444        
159159159       
123456789.      
123456abc         
6666666666         
asdfghjk        
20122012             
12131415        
44448888        
00112233        
12345612              
88888           
16888888        
abc123456789          
13800138000         
58585858        
88888889        
22446688        
77889900        
asd123456       
QAZWSXEDC       
12345671        
2222222222      
123456789000    
888888889       
52013140        
12345678901     
99887766             
qweqweqwe       
aaaaaaaaaa      
44332211                
1234567800      
521521521       
15959502420     
1234567809      
123456789123    
qwer1234        
147852369             
123123          
123456aa        
1qaz2wsx                  
Ab123456        
110120119                
10101010            
123456781       
ABC12345678     
5555555555      
bugaosuni       
1a2b3c4d        
258258258       
33336666        
96789           
10086111        
10203040                  
11111112        
12345666                  
1212121212      
89898989        
123123123123    
100200300       
........        
666888999       
5555588888         
666666666       
11111111111     
321654987       
5201314520      
10000000        
A88888888       
1001010010      
12345678.       
abc1234567      
456456456       
4008802802      
AA12345678      
76543210        
123123456       
123456789abc      
1223334444      
98989898           
7777777777      
53215321        
11119999        
234567890       
12332100        
518518518       
44445555        
password        
00123456                
qwe123456       
1q2w3e4r        
66667777        
33445566              
1234567888      
25802580        
22221111               
12365478        
admin123        
zhang123        
1234qwer        
11111           
qweasdzxc        
54321                     
20138888        
0000011111      
34567890            
zxcvbnm123      
16881688        
asdf1234        
5566778899      
12312300        
119119119       
78787878        
456789123       
aaaa1111        
a1234567890     
123456789987654321              
16816888        
12345abcde       
wobuzhidao      
01010101        
13456789        
12348888           
W1234567        
56781234        
86868686        
12312345        
67896789        
qq123456789     
12345789        
0102030405      
123698745       
12369874        
20132014        
123456..        
ap123456        
aaa123456       
56785678        
3.1415926       
1231231231      
w123456789      
qq12345678       
w12345678       
00009999              
33334444        
11113333        
44678888        
wwwwwwww        
1234567898      
666777888       
7894561230       
987654123       
5555566666      
wang123456      
a123456a        
09876543        
66666688              
12332112        
11122233        
3333333333         
12345654321     
jiubugaosuni    
12354796        
zzzzzzzz        
1111111111111   
12345123        
5544332211      
88885555        
66886688         
00000008        
1234567890abc   
65432100        
1234567890a          
123456qq        
81234567        
18888888        
9876543211      
123456789123456789              
12345678999     
147369258          
13141516              
88887777        
1231231234      
1234509876      
1A2B3C4D5E      
12388888        
123456000       
abcd12345       
1213141516      
8573120654      
10002000           
11335577        
q123456789      
08080808        
12301230        
12345678abc     
11223300        
20082008        
78945612        
11223355        
1234            
12345698        
bc123456             
00000           
66688888        
00001234        
158158158       
13131313        
1231231230      
555555555       
1314520520      
xy123456        
77777778        
12340000        
88881111        
43214321        
aaaaBBBB        
138138138       
56565656        
A8888888        
9988776655      
11221122        
20121212        
123123321       
yy123456        
123321123321    
q12345678       
987456321       
1010101010      
wang1234        
z123456789      
777777777       
147147147               
nicaicai        
aa123456789     
38383838        
123456ab          
20131111        
20122013        
iloveyou        
222222222       
123456790       
87651234        
123456ABCD          
sinachina       
12345678aa      
as123456        
14789632        
12345abc        
1234567.        
123321456       
zxc123456       
asd12345        
woaiwojia       
qwe12345         
useradmin       
AAAA8888        
01230123        
1111100000      
5201314.        
abcd123456789   
000111222       
44556677        
1234567890.     
87654312        
z12345678       
11111118        
123456321       
88998899        
zteztezte       
123456789aa     
789123456       
999888777        
12349876        
q1234567        
2233445566      
22345678        
a987654321             
20142014        
88888887        
28282828        
01234           
qwerasdf        
aabbccdd              
0000000001           
99990000        
1133557799      
1234567890000   
4007007899      
1234567         
100100100       
1236547890      
23232323        
z1234567        
Ab12345678        
159357258       
80808080        
www123456             
mmmmmmmm        
123456777       
11116666        
woaini1314      
000000001          
520131400       
147896325       
987654321a              
456123789       
201314520         
258369147       
qw123456        
88888881        
11111110        
123567890       
q1w2e3r4        
1q2w3e4r5t            
Pa40ssw0rd      
abcdabcd        
1123456789      
56215487        
120120120       
95279527        
4000034567      
qwert12345      
XXXXXXXX        
90909090        
11114444        
123456789q      
23558573        
112233445566778899              
99996666        
987654321.      
51888888               
24682468        
aaaaaaaaa       
333333333       
123456789..     
77585211               
12345888        
12342234        
88888886        
12300000        
20121221        
8888866666      
a12345678a      
12345677654321      
52001314        
12345678911     
88888888a       
1234567895      
22226666        
21212121        
0011223344      
123456888             
abc123123       
121121121       
88888880             
13579246        
00002222        
1020304050       
10086110        
123654987       
abcd8888        
abc123abc       
12345611        
6000000                
11223388        
\********        
98765432100     
11234567        
a1d749d20c      
43211234        
88882222        
66666668        
111111          
55555           
888888888888    
motel168        
studentwifi     
yyyyyyyy             
zz123456        
adminadmin      
666666888888    
88888888888     
13579000        
123456456       
66666              
9999988888      
haidilao               
9638527410      
abcde           
112233445577    
12345699        
12378900        
5432154321      
09090909        
zx123456        
88883333           
zxcvbnma        
aabbccddee      
888888880           
abc88888        
abcdef1234      
77779999        
1380013800           
asd123456789    
l12345678       
5205201314      
19191919               
189189189            
12312388                  
13145201        
eeeeeeee        
13145210        
qazwsx123       
123456789qq           
12347890        
74108520        
aa123123        
111666888       
7777788888      
admin123456         
66665555        
12345000        
BBBBBBBB        
52013148               
88888866        
aaa12345        
xiaoxiao        
wohaishinidie   
oooooooo        
45678910        
Cisco123        
11011011          
llllllll        
20131415          
aa888888        
52013141314     
1258012580      
81818181        
112233445          
28883888        
1233211234      
a123456789a     
66888888        
987987987         
1234506789            
112345678       
22225555        
mm123456        
abcd4321                
01233210        
10086123        
ww123456        
2345678901      
ab123456cd      
12332111        
123456789012    
1122334455667788                
88776655        
11115555        
55668899        
cccccccc        
1000010000      
007007007       
33339999              
1314520.        
22224444        
aaa             
1234567812           
11121314        
139139139       
19881988        
1234561234      
1111188888      
abc1234567890   
12345678000     
123412345       
85208520        
ChinaTelecom3Ggood              
98765431        
l123456789      
pppppppp        
xx123456        
ffffffffff      
aaaaabbbbb      
69696969        
qq123123        
111222333444    
hao123456       
abcd12345678    
ssssssss        
1234567891011    
52013144        
741741741       
20202020        
555666777       
96385274        
a87654321       
a1a2a3a4        
88888899        
333222111       
88884444        
33335555        
912345678           
141242343       
678678678       
admin           
hhhhhhhh        
000000          
118118118       
66663333        
A5201314        
123456asd       
123456aaa       
00006666        
kkkkkkkk        
33221100        
888888881       
98765321            
001002003       
87654320               
00123456789     
188888888       
19491001          
68888888           
10086000        
33332222        
58888888        
131452000       
a147258369      
12345678q       
123456799       
85858585        
19860305        
12345555        
123456789z      
aaaa1234        
87878787        
44446666        
zxcv1234        
aini1314        
33669900        
52013145        
aa112233        
13579           
193124               
123qweasd            
88668866        
qaz12345        
111111111111    
12345678ab      
12345qwert      
a123456b        
301301301       
1688888888      
16161616         
80908090        
0012345678            
8888888888888   
18283848         
0000            
20131313        
110112119       
584520          
123456789w           
wuxian168       
25252525        
77887788          
abc888888       
h12345678       
99999           
12345678987654321                      
123456654       
19891989        
123456890            
00000000000     
250250250               
11117777        
Y12345678       
11223366        
123456789aaa    
987654320       
123456wifi        
12345678912     
13148888              
woaini520       
h123456789      
01234560        
911911911       
19861986        
19901990            
20112011        
88123456        
12345678qq      
098765432       
abcdeabcde      
1818181818      
x12345678       
x1234567        
huawei800       
A1111111        
23456781        
1234567892      
789654123       
www12345        
y123456789      
1234560000             
88881234        
315315315       
5432112345      
abc123321              
25257758             
97654321        
55665566        
sm565656        
12456789        
12345678901234567890               
99999998        
bangongshi      
a123123123      
1008610010      
99991111             
love1314        
111122223333    
12346678        
qq888888        
55559999        
1234567891234   
25836900        
aaa123456789    
000123456       
4001840018      
36363636        
06680668        
360360360       
401401401       
000000000000    
123456789abcd         
147258369a      
21345678            
00005555        
07690769        
8008208820      
5201314..       
51885188        
128128128       
abcabcabc             
24681357        
1111111110      
0101010101      
33355555        
135135135       
159357456       
502502502       
00000011        
1qazxsw2        
87654322        
gongxifacai            
55555333        
10001000          
11223311        
11223345           
1234567887654321                
112112112       
1234569870      
302302302       
87654321a        
1111199999           
asdf123456              
qwert123        
1234567889      
qwer123456      
scucc           
12345678w       
123456qwe           
52052052        
l1234567        
23452345        
abcdefg123      
c123456789      
10000001        
1234567812345678                    
66688899        
10987654321     
cmcc12345       
0000088888      
74185296         
52088888        
09876543210     
FFFFFFFF        
4006665678      
welcome123      
601601601       
aaabbbccc       
5201314123      
5201314         
y1234567        
li12345678      
513714               
205205205       
12345678123     
11111122        
abc654321       
15151515        
123456787       
12345678qw      
x123456789      
12340987            
52005200        
111111112       
52525252        
00000009        
20121314        
59505950        
501501501              
100000000         
203203203       
987456123       
45678900        
aaaaa11111      
20128888        
tt123456        
123459876         
asdasdasd       
hahahaha        
12345678909     
321987          
b123456789       
00000007        
20130000              
125125125             
12332188        
13888888        
1qaz2wsx3edc    
1105201314      
222333444           
123412341234    
wy123456        
1234567abc      
987123456       
zxcvbnm1        
kk123456        
888999000       
444555666       
1234567q        
guest123        
963258741               
88888800        
12312311        
222555888       
36925814            
1111            
123456qaz          
14725836900     
5201314a        
1116903785       
c12345678              
qwertyuiopasdfghjklzxcvbnm      
192.168.1.1     
hello           
100861111       
6677889900      
14141414               
zhou123456      
12345678..      
w88888888       
360buy123456    
abcabc123       
1112223334      
zxcvbnml        
1111155555      
512512512       
asdfghjkl123    
8888888899      
02345678        
123789123       
apple123        
22558800        
66889900        
52052000        
123456789b      
123456...       
ab123456789     
202202202       
6789012345          
s12345678       
a1b2c3d4e5f6         
1231512315      
gggggggg        
15975300        
4008203333      
qq1234567       
6666699999             
123456789x      
010203040506    
12580000        
4444444444      
m123456789      
17171717             
1314520..       
55201314        
201320132013    
qwe123456789    
qw372198        
1000000000      
QAZWSXED           
5858585858      
876543211       
02020202        
33337777        
123456789*      
303303303       
963963963              
05960596        
22220000          
h1234567        
tttttttt        
13145208        
admin888        
2468013579      
2345678910      
188188188       
zxcvbnmm        
136136136       
9999999990      
ad123456        
12345690        
32132132        
43215678        
1237894560      
55557777        
333666888       
12345678z            
80008000        
8888800000      
qq5201314           
123456789987       
22336688        
06070809        
307307307       
a11111111             
26262626         
33668899        
1234598765      
207207207       
998998998       
213213213       
4008305555      
s123456789      
a2345678        
12378945        
1023456789      
402402402       
55550000        
1357902468      
99889988        
administrator   
b1234567        
qqqqqqqqqq      
4008123456            
520131488       
00012345        
123456789...    
20092009        
11001100        
204204204       
2000000         
20131400        
13345678        
0.123456        
M1234567        
111333555       
wang123456789        
666688888       
553929          
20111111        
305305305       
woaini123       
103103103       
32323232        
abc88888888     
312312312       
234567891       
123456789.0     
asd12345678     
88888168        
kingsoft7777    
19911991        
3132333435      
19941994        
012345679       
13160201        
12365400        
147258963           
buxiaode        
45678912        
32145678        
211211211       
1234567w        
2222233333      
101101101       
19951995           
123abc123       
369852147       
12345678990     
88888666        
78907890        
nihao123        
m12345678        
10102020        
..........      
asdfasdf          
8888888800      
16816800        
012345678910    
13143344        
vvvvvvv         
333444555         
987654312      
310310310       
52000000        
apec2014        
88888888.       
00998877        
a1s2d3f4        
206206206       
108108108       
12345676        
abcd2013        
19851985        
12345656              
412412412       
5678956789      
abcde123        
1234556789      
98765           
528528528       
abc112233       
11881188        
33669988        
318318318       
52113140        
668668668        
a1314520        
234234234       
81828384        
123987456       
19950601        
123456789t            
11111222        
a7654321        
52013145201314     
moto-moto       
9999900000      
aaaaaaaaaaaaa      
a11223344        
00000002        
1234567890987654321             
555666888       
123456789ab     
19931993        
309309309       
403403403        
306306306       
123456778       
112233456       
36936936        
087654321       
320320320       
as123456789     
5678901234      
00000123        
16816816        
517517517       
www. baidu. com   
1234567811      
13800138        
1234asdf             
1234567890b        
12345876        
888888886       
186186186       
3692581470      
a0000000        
20101010        
96969696            
208208208       
20112012        
123457890            
c1234567            
20102010        
43218765        
1111111112      
130130130       
66688800        
19921992        
q1w2e3r4t5      
59595959        
79797979        
13245678        
14725888        
1123581321      
1234500000      
123456999       
jjjjjjjj        
b12345678       
12345678l       
5432167890            
www123456789    
9876543219      
aaaa0000        
520123456       
66660000        
133133133       
qitian77        
bb123456        
1112131415        
123321000       
future316       
88888999              
qqqqqqqqq       
1234567123      
admin1234       
78978978        
cisco123456     
qwertyuiopasdfghjkl             
1314520         
123456as          
wifimima        
f123456789      
nideshengri     
123654123              
20131234        
55552222        
13008003566     
1472583699             
2222288888      
aa88888888      
woshinibaba     
13145211        
51515151        
32132100        
64916677        
qweasd123       
888899999       
06060606        
223456789       
12345675        
11228899        
503503503       
78888888            
123456789l      
316316316       
qqqq1111        
13140000        
14736900        
gggjjkkkkjhh    
3333388888           
S1234567        
113113113       
12342345        
405405405       
98761234        
88008800        
131420          
67899876        
11226688        
06630663        
9999999998      
311311311       
66661111        
123467890           
qqqqwwww        
5845211314      
527527527       
dddddddd        
67891234        
741258963       
98764321                
123456700       
52012345        
0518051818      
36988888        
helloworld      
33330000        
2222211111         
0123456780      
123987654       
d123456789      
7758521521      
66666888        
112233123       
258147369       
ABCDE54321      
508508508       
03030303             
568568568       
4455667788      
135246789       
123451234       
123456ok        
11336699        
20082009        
321456789       
10086           
0000099999      
111111110       
00003333        
aa111111           
f12345678       
20148888        
102102102       
wobugaosuni     
0000000000000   
918918918       
19801980        
55588888        
33331111        
114114114       
mima123456      
mima1234        
12222222        
147258369.      
001001001       
80000000        
11223456              
106106106            
0123123123      
408408408       
123456789m      
876543219       
12355678           
110110110110             
123123789       
105105105       
qq123321        
8888888889      
22227777         
abcdefghijklmn  
8765432100      
407407407       
999666333       
APTX4869        
12345678x       
admin12345      
123abc456       
ok123456        
383838438       
588588588       
75237523       
19831983              
9987654321      
AAA12345678      
45674567             
37213721                
19841984        
1314520123        
98888888           
0.123456789     
1231234567      
a1b1c1d1        
123456789y      
10011001        
304304304          
210210210       
513513513       
65656565        
11224455        
19821982        
13145201314         
988888888       
****0000       
1472583691      
1111aaaa        
00123123        
14785236           
504504504       
yy12345678       
218218218       
134567890       
13524678        
8989898989      
05201314        
bugeinishuo     
77585200        
209209209       
sbsbsbsb        
5841314520      
abcd5678         
99999999999     
3216549870        
asd123123       
406406406       
wifi2013        
abcdef123456    
5201314000      
haohaoxuexi     
qwerqwer        
9898989898      
Aa1234567       
4567890123      
md52013wpa      
444455555       
2013250009      
07070707        
goodluck        
77788899              
23242526        
azxcvbnm        
216216216       
aabbcc123          
55554444            
1234560123      
52013143344           
99995555        
5555500000            
6868686868      
123000                            
77776666        
jj123456        
67676767           
22229999        
aa123321        
27272727            
416416416       
1313131313      
qweasdzxc123         
812345678       
my123456        
ABC95599             
t12345678            
523523523           
12332145        
69378261        
16816868                    
lenovo123           
abc54321            
0987612345      
588888888                 
33445200        
45454545        
618618618       
510510510               
52013149        
sunshine        
410410410       
123456qw        
12300123        
1112223330      
16899168        
BAOBAO888BAOBAO 
44443333        
19961996        
qazwsxedcrfv    
770880520        
98769876        
520131415       
987321654       
00007777             
55551111           
8888888a             
123456789c      
cd123456        
1234567896      
000000009             
4000851330      
132132132       
AAAASSSS                 
qqq123456         
61616161        
35353535           
.........       
qqwweerr              
zxcvbnm.        
55555666666     
507507507       
123456520
134679258       
abc123abc123    
30303030